0 0.18389423076923078 0.07091346153846154 0.05048076923076923 0.038461538461538464
2 0.2091346153846154 0.0733173076923077 0.02403846153846154 0.028846153846153848
2 0.24639423076923078 0.14543269230769232 0.026442307692307692 0.026442307692307692
2 0.24519230769230768 0.19591346153846154 0.026442307692307692 0.026442307692307692
2 0.45552884615384615 0.3401442307692308 0.026442307692307692 0.028846153846153848
2 0.18870192307692307 0.3605769230769231 0.021634615384615384 0.026442307692307692
2 0.21875 0.39663461538461536 0.038461538461538464 0.026442307692307692
2 0.16105769230769232 0.46634615384615385 0.026442307692307692 0.028846153846153848
2 0.1658653846153846 0.6129807692307693 0.03125 0.036057692307692304
2 0.15144230769230768 0.6430288461538461 0.03125 0.028846153846153848
2 0.17908653846153846 0.8870192307692307 0.028846153846153848 0.040865384615384616
0 0.12860576923076922 0.8870192307692307 0.057692307692307696 0.07451923076923077
0 0.11298076923076923 0.46274038461538464 0.06009615384615385 0.052884615384615384
0 0.16105769230769232 0.5480769230769231 0.055288461538461536 0.04326923076923077