0 0.7536057692307693 0.96875 0.055288461538461536 0.04326923076923077
2 0.7283653846153846 0.9639423076923077 0.026442307692307692 0.03125
2 0.7019230769230769 0.8858173076923077 0.028846153846153848 0.03125
2 0.7091346153846154 0.8365384615384616 0.028846153846153848 0.03125
2 0.5216346153846154 0.6634615384615384 0.028846153846153848 0.03125
2 0.7884615384615384 0.6814903846153846 0.02403846153846154 0.028846153846153848
2 0.7644230769230769 0.6418269230769231 0.040865384615384616 0.03125
2 0.8305288461538461 0.5805288461538461 0.028846153846153848 0.03125
2 0.8473557692307693 0.43509615384615385 0.036057692307692304 0.038461538461538464
2 0.8653846153846154 0.40625 0.03365384615384615 0.03125
2 0.8713942307692307 0.16105769230769232 0.03365384615384615 0.04326923076923077
0 0.921875 0.16826923076923078 0.0673076923076923 0.07692307692307693
0 0.8774038461538461 0.5913461538461539 0.06490384615384616 0.06009615384615385
0 0.8413461538461539 0.5 0.06009615384615385 0.05048076923076923