0 0.09975961538461539 0.14783653846153846 0.03485576923076923 0.04927884615384615
2 0.09975961538461539 0.17307692307692307 0.026442307692307692 0.021634615384615384
2 0.16947115384615385 0.21634615384615385 0.025240384615384616 0.025240384615384616
2 0.21875 0.21995192307692307 0.025240384615384616 0.02403846153846154
2 0.3449519230769231 0.4423076923076923 0.026442307692307692 0.025240384615384616
2 0.38822115384615385 0.1778846153846154 0.02403846153846154 0.020432692307692308
2 0.421875 0.21033653846153846 0.025240384615384616 0.036057692307692304
2 0.4963942307692308 0.15985576923076922 0.026442307692307692 0.02283653846153846
2 0.6418269230769231 0.17668269230769232 0.03485576923076923 0.027644230769230768
2 0.6730769230769231 0.16466346153846154 0.026442307692307692 0.027644230769230768
2 0.9134615384615384 0.21394230769230768 0.039663461538461536 0.026442307692307692
0 0.9182692307692307 0.16346153846153846 0.06850961538461539 0.052884615384615384
0 0.4963942307692308 0.11177884615384616 0.04807692307692308 0.055288461538461536
0 0.5769230769230769 0.16706730769230768 0.037259615384615384 0.054086538461538464